0.000000000000000000e+00
-2.000000000000000000e+02
-2.000000000000000000e+02
4.960000000000000000e+02
-2.000000000000000000e+02
4.880000000000000000e+02
-2.000000000000000000e+02
-1.830000000000000000e+02
-1.970000000000000000e+02
-2.000000000000000000e+02
-2.000000000000000000e+02
-2.000000000000000000e+02
-2.000000000000000000e+02
-2.000000000000000000e+02
-2.000000000000000000e+02
-2.000000000000000000e+02
-2.000000000000000000e+02
-2.000000000000000000e+02
-2.000000000000000000e+02
-2.000000000000000000e+02
-2.000000000000000000e+02
-2.000000000000000000e+02
-1.980000000000000000e+02
4.830000000000000000e+02
-1.890000000000000000e+02
-1.580000000000000000e+02
4.830000000000000000e+02
-2.000000000000000000e+02
-1.940000000000000000e+02
5.000000000000000000e+02
-2.000000000000000000e+02
-2.000000000000000000e+02
-2.000000000000000000e+02
-2.000000000000000000e+02
4.880000000000000000e+02
-1.810000000000000000e+02
-2.000000000000000000e+02
-2.000000000000000000e+02
-1.940000000000000000e+02
-2.000000000000000000e+02
-1.910000000000000000e+02
-2.000000000000000000e+02
